0.97 -403.15625 0.9375 
0.9409 -485.75312499999995 34.78750000000001 
0.912673 -497.34687499999995 37.175000000000004 
0.8852928099999999 -408.74375 1.8624999999999998 
0.8587340256999999 -411.671875 1.5625 
0.8329720049289999 -402.15625 0.9375 
0.8079828447811299 -404.684375 0.8875000000000001 
0.783743359437696 -409.6625 1.0875000000000001 
0.7602310586545651 -405.090625 0.6749999999999999 
0.7374241268949281 -404.734375 1.1875 
0.7153014030880802 -404.16875 0.8625 
0.6938423609954378 -405.184375 0.925 
0.6730270901655747 -404.728125 1.1125 
0.6528362774606075 -404.678125 0.8124999999999999 
0.6332511891367892 -410.203125 2.8 
0.6142536534626856 -403.159375 0.7000000000000001 
0.595826043858805 -410.21875 1.8875000000000002 
0.5779512625430409 -404.13125 0.6874999999999999 
0.5606127246667496 -406.709375 0.8875 
0.5437943429267471 -404.19375 0.9 
0.5274805126389447 -403.109375 0.7000000000000001 
0.5116560972597763 -403.7125 0.85 
0.496306414341983 -403.253125 1.3750000000000002 
0.48141722191172354 -406.74375 1.3375000000000001 
0.4669747052543718 -404.11875 0.5375000000000001 
0.4529654640967406 -403.696875 0.925 
0.4393765001738384 -403.7125 0.9749999999999999 
0.42619520516862325 -410.153125 1.0999999999999999 
0.4134093490135645 -403.675 0.8999999999999999 
0.4010070685431576 -406.675 0.8875 
0.38897685648686287 -404.690625 0.9874999999999999 
0.377307550792257 -402.659375 0.8625 
0.36598832426848926 -406.709375 1.4625 
0.35500867454043455 -402.640625 0.7125 
0.3443584143042215 -402.659375 0.8625 
0.3340276618750948 -404.709375 1.2875 
0.32400683201884195 -402.678125 0.9375 
0.3142866270582767 -404.225 1.1625 
0.3048580282465284 -402.678125 0.9375 
0.2957122873991326 -403.215625 1.075 
0.2868409187771586 -402.678125 1.0125000000000002 
0.27823569121384384 -404.709375 1.1125 
0.2698886204774285 -403.7125 1.0499999999999998 
0.26179196186310566 -403.6625 1.0750000000000002 
0.2539382030072125 -403.64375 0.925 
0.2463200569169961 -402.659375 0.8625 
0.23893045520948622 -411.090625 0.8374999999999999 
0.23176254155320164 -404.20625 1.0125000000000002 
0.2248096653066056 -403.196875 1.0 
0.21806537534740741 -402.659375 0.8625 
0.2115234140869852 -403.140625 0.7875000000000001 
0.20517771166437562 -404.25 1.2875 
0.19902238031444436 -402.659375 0.8625 
0.19305170890501103 -402.659375 0.8625 
0.1872601576378607 -404.1875 0.9375 
0.18164235290872485 -402.659375 0.8625 
0.1761930823214631 -402.659375 0.8625 
0.17090728985181922 -404.1875 0.9375 
0.16578007115626464 -403.196875 0.925 
0.1608066690215767 -402.659375 0.8625 
0.1559824689509294 -403.215625 1.075 
0.1513029948824015 -402.659375 0.8625 
0.14676390503592945 -404.1875 0.9375 
0.14236098788485158 -402.659375 0.8625 
0.13809015824830603 -402.659375 0.8625 
0.13394745350085685 -402.659375 0.8625 
0.12992902989583113 -422.675 18.724999999999994 
0.1260311589989562 -406.328125 11.875 
0.12225022422898751 -407.721875 14.325000000000001 
0.11858271750211788 -402.734375 1.1625 
0.11502523597705434 -407.01875 11.025 
0.1115744788977427 -402.734375 1.3125 
0.10822724453081042 -402.734375 1.3125 
0.10498042719488611 -402.734375 1.3125 
0.10183101437903952 -402.715625 1.1625 
0.09877608394766833 -402.696875 0.8624999999999999 
0.09581280142923829 -407.965625 13.200000000000001 
0.09293841738636113 -409.31875 11.912500000000001 
0.09015026486477029 -407.24375 12.187499999999998 
0.08744575691882718 -407.9375 15.525000000000004 
0.08482238421126237 -407.734375 37.1875 
0.0822777126849245 -404.78749999999997 96.03750000000004 
0.07980938130437676 -399.575 133.46249999999998 
0.07741509986524546 -400.990625 121.83749999999999 
0.0750926468692881 -399.021875 137.88750000000002 
0.07283986746320946 -417.859375 12.7 
0.07065467143931317 -409.25 50.775000000000006 
0.06853503129613378 -429.203125 10.3125 
0.06647898035724976 -442.20312499999994 50.074999999999996 
0.06448461094653227 -407.5125 3.2000000000000006 
0.06255007261813629 -402.15625 0.9375 
0.0606735704395922 -402.15625 0.9375 
0.05885336332640443 -402.15625 0.9375 
0.057087762426612294 -402.15625 0.9375 
0.05537512955381393 -402.1375 0.7875000000000001 
0.053713875667199505 -402.15625 0.9375 
0.05210245939718352 -402.15625 0.7875 
0.05053938561526801 -396.725 159.07499999999996 
0.049023204046809966 -399.93125 146.17500000000007 
0.04755250792540567 -409.971875 37.5 
0.0461259326876435 -407.8375 18.0 
0.04474215470701419 -407.703125 29.0625 
0.04339989006580376 -387.840625 238.56250000000017 
0.042097893363829644 -406.328125 11.875 
0.040834956562914755 -406.90625 11.474999999999998 
0.03960990786602731 -406.328125 11.875 
0.03842161063004649 -406.98125 13.237499999999997 
0.03726896231114509 -406.328125 11.875 
0.03615089344181074 -406.328125 11.875 
0.03506636663855641 -406.328125 11.875 
0.03401437563939972 -413.684375 14.399999999999995 
0.03299394437021773 -463.28749999999997 10.449999999999996 
0.032004126039111194 -402.659375 0.9375 
0.031044002257937856 -402.734375 1.3125 
0.03011268219019972 -426.9 51.050000000000004 
0.029209301724493725 -402.15625 0.9375 
0.028333022672758914 -402.15625 0.9375 
0.027483031992576144 -402.15625 0.9375 
0.026658541032798858 -402.15625 0.9375 
0.02585878480181489 -403.140625 1.0 
0.025083021257760445 -402.15625 0.9375 
0.024330530620027633 -402.65625 0.9375 
0.023600614701426804 -402.15625 0.9375 
0.022892596260384 -403.171875 1.0 
0.02220581837257248 -402.734375 1.3125 
0.021539643821395303 -402.734375 1.1625 
0.020893454506753444 -407.5125 3.2000000000000006 
0.02026665087155084 -402.15625 0.9375 
0.019658651345404312 -408.4625 13.875000000000002 
0.019068891805042183 -406.328125 11.875 
0.018496825050890918 -414.328125 11.875 
0.01794192029936419 -407.20625 12.337499999999997 
0.017403662690383265 -420.696875 23.887500000000003 
0.016881552809671765 -478.109375 0.4875 
0.016375106225381613 -435.621875 12.1125 
0.015883853038620166 -419.140625 12.112500000000008 
0.015407337447461561 -411.390625 52.3125 
0.014945117324037714 -98.809375 4.7625 
0.014496763804316583 -430.703125 35.175 
0.014061860890187084 -423.99375 14.275 
0.013640005063481472 -99.8875 0.825 
0.013230804911577028 -419.39374999999995 40.57499999999998 
0.012833880764229717 -401.946875 119.175 
0.012448864341302825 -411.825 44.0625 
0.01207539841106374 -410.134375 70.275 
0.011713136458731828 -405.171875 97.80000000000003 
0.011361742364969873 -99.953125 0.1875 
0.011020890094020776 -424.47812500000003 17.0125 
0.010690263391200152 -415.396875 36.2625 
0.010369555489464147 -431.1875 12.375 
0.010058468824780223 -411.2 26.925000000000008 
0.009756714760036816 -413.6 16.724999999999998 
0.009464013317235712 -409.990625 53.625 
0.00918009291771864 -420.640625 0.8125 
0.00890469013018708 -402.734375 1.3125 
0.008637549426281466 -402.678125 0.8625 
0.008378422943493022 -406.178125 0.8625 
0.00812707025518823 -418.10625 3.3874999999999997 
0.007883258147532582 -402.734375 1.3125 
0.007646760403106604 -402.734375 1.3125 
0.007417357591013406 -403.140625 0.625 
0.007194836863283004 -408.734375 1.3125 
0.006978991757384513 -402.734375 1.3125 
0.006769622004662978 -402.734375 1.3125 
0.006566533344523088 -402.734375 1.2375 
0.006369537344187395 -417.175 15.5875 
0.0061784512238617735 -415.09375 25.375 
0.00599309768714592 -401.84375 114.375 
0.005813304756531542 -411.109375 35.625 
0.005638905613835596 -97.75 9.375 
0.005469738445420528 -448.671875 13.75 
0.0053056462920579115 -438.0531249999999 47.76250000000001 
0.005146476903296174 -97.609375 9.5625 
0.004992082596197289 -432.021875 137.88750000000002 
0.00484232011831137 -97.703125 9.5625 
0.0046970505147620285 -417.984375 13.199999999999998 
0.004556138999319168 -410.20625 30.225 
0.004419454829339592 -414.7375 26.77500000000001 
0.004286871184459405 -415.44687500000003 82.275 
0.004158265048925623 -414.490625 50.19999999999999 
0.004033517097457854 -411.296875 21.4375 
0.003912511584534118 -421.178125 54.47500000000001 
0.003795136236998094 -418.296875 77.25 
0.003681282149888151 -408.278125 76.90000000000002 
0.0035708436853915063 -436.234375 37.125 
0.003463718374829761 -414.175 15.5875 
0.003359806823584868 -434.946875 14.3625 
0.003259012618877322 -448.984375 8.875 
0.0031612422403110023 -97.665625 9.4375 
0.003066404973101672 -431.15625 10.5 
0.002974412823908622 -404.58125 108.52499999999999 
0.002885180439191363 -417.6875 23.55 
0.0027986250260156223 -419.8625 70.71249999999999 
0.0027146662752351534 -419.671875 19.8625 
0.0026332262869780986 -417.953125 48.374999999999986 
0.0025542294983687554 -419.615625 14.012500000000001 
0.0024776026134176927 -449.83125 13.387500000000001 
0.002403274535015162 -416.084375 74.32500000000002 
0.002331176298964707 -424.28125 42.25000000000001 
0.0022612410099957657 -489.76875 38.8125 
0.0021934037796958925 -413.55 61.0875 
0.0021276016663050157 -421.45 16.9875 
0.002063773616315865 -412.51875 43.375 
0.0020018604078263893 -442.12500000000006 33.287500000000016 
0.0019418045955915976 -411.390625 21.587499999999995 
0.0018835504577238496 -406.671875 91.57500000000003 
0.001827043943992134 -99.203125 3.1875 
0.00177223262567237 -415.65312500000005 51.17500000000001 
0.0017190656469021988 -492.90625 11.0625 
0.0016674936774951328 -98.828125 4.6875 
0.0016174688671702789 -447.29687499999994 40.35000000000001 
0.0015689448011551705 -458.1875 12.375 
0.0015218764571205154 -98.359375 6.9375 
0.0014762201634068999 -423.8 11.462500000000002 
0.0014319335585046928 -410.940625 22.9375 
0.001388975551749552 -415.171875 87.8625 
0.0013473062851970656 -444.596875 73.83749999999999 
0.0013068870966411535 -452.0718749999999 72.62500000000001 
0.001267680483741919 -411.671875 19.8625 
0.0012296500692296614 -95.3125 18.75 
0.0011927605671527715 -98.040625 7.8375 
0.0011569777501381883 -481.359375 18.0 
0.0011222684176340426 -408.753125 48.5625 
0.0010886003651050214 -418.18125 55.05 
0.0010559423541518708 -471.775 11.55 
0.0010242640835273146 -425.790625 60.7375 
0.001 -457.59375 98.3625 
0.001 -430.578125 12.75 
0.001 -416.628125 26.400000000000006 
0.001 -446.359375 26.3125 
0.001 -406.328125 11.875 
0.001 -407.046875 17.25 
0.001 -407.703125 39.375 
0.001 -413.75 9.3375 
0.001 -493.6875 12.375 
0.001 -411.296875 21.4375 
0.001 -99.578125 1.6875 
0.001 -422.446875 46.387499999999996 
0.001 -447.9625 31.1125 
0.001 -99.765625 0.9375 
0.001 -480.484375 8.875 
0.001 -90.26875000000004 38.925 
0.001 -400.0 129.925 
0.001 -405.14375 92.77499999999998 
0.001 -99.203125 3.1875 
0.001 -97.0 12.0 
0.001 -99.578125 1.6875 
0.001 -424.43125 59.887499999999996 
0.001 -99.8125 0.75 
0.001 -453.09999999999997 15.8625 
0.001 -417.021875 45.25000000000001 
0.001 -82.34687499999997 70.6125 
0.001 -98.828125 4.687500000000001 
0.001 -99.953125 0.1875 
0.001 -99.953125 0.1875 
0.001 -99.8125 0.75 
0.001 -436.18125 81.3 
0.001 -453.946875 18.675 
0.001 -436.74687499999993 32.85000000000001 
0.001 -486.68125000000003 30.787499999999994 
0.001 -99.53125 1.875 
0.001 -484.84687499999995 23.3875 
0.001 -99.953125 0.1875 
0.001 -100.0 0.0 
0.001 -100.0 0.0 
0.001 -99.8125 0.75 
0.001 -472.671875 19.8625 
0.001 -99.578125 1.6875 
0.001 -485.853125 52.3 
0.001 -100.0 0.0 
0.001 -97.328125 10.6875 
0.001 -98.3125 6.75 
0.001 -99.578125 1.6875 
0.001 -492.628125 10.3 
0.001 -407.99375 57.8625 
0.001 -98.753125 4.9875 
0.001 -99.203125 3.1875 
0.001 -99.128125 3.4875000000000003 
0.001 -440.54062500000003 8.175 
0.001 -406.328125 11.875 
0.001 -92.63125 29.475 
0.001 -100.0 0.0 
0.001 -99.61562500000001 1.5375 
0.001 -477.01874999999995 36.9 
0.001 -444.753125 27.900000000000002 
0.001 -404.096875 110.58749999999999 
0.001 -407.771875 60.96249999999999 
0.001 -428.140625 12.0 
0.001 -410.328125 27.6 
0.001 -413.4125 16.725 
0.001 -414.61875 14.812499999999996 
0.001 -441.90625 31.425 
0.001 -403.51875 111.0 
0.001 -410.909375 25.125 
0.001 -99.578125 1.6875 
0.001 -410.984375 24.825 
0.001 -99.390625 2.4375 
0.001 -463.878125 17.925 
0.001 -405.171875 87.8625 
0.001 -410.15625 34.56250000000001 
