0.97 -402.65 1.0000000000000002 
0.9409 -473.99375 44.900000000000006 
0.912673 -444.81875 87.8625 
0.8852928099999999 -402.6375 0.8250000000000001 
0.8587340256999999 -426.7625 11.424999999999999 
0.8329720049289999 -402.25 1.3875000000000002 
0.8079828447811299 -408.703125 2.5875000000000004 
0.783743359437696 -409.63125 3.6750000000000003 
0.7602310586545651 -402.165625 0.9375000000000001 
0.7374241268949281 -410.153125 1.7374999999999998 
0.7153014030880802 -402.7625 1.3125000000000002 
0.6938423609954378 -401.65 1.0000000000000002 
0.6730270901655747 -403.184375 1.0375 
0.6528362774606075 -95.49374999999993 38.125000000000014 
0.6332511891367892 -405.6625 2.125 
0.6142536534626856 -402.165625 1.05 
0.595826043858805 -407.64375 1.1500000000000001 
0.5779512625430409 -402.70625 1.0875000000000001 
0.5606127246667496 -402.221875 1.2750000000000004 
0.5437943429267471 -403.1625 0.925 
0.5274805126389447 -403.7 1.2000000000000002 
0.5116560972597763 -402.75 1.5 
0.496306414341983 -404.1875 1.6875000000000002 
0.48141722191172354 -405.228125 1.425 
0.4669747052543718 -402.7625 1.5375 
0.4529654640967406 -401.65 1.0000000000000002 
0.4393765001738384 -404.234375 1.8125 
0.42619520516862325 -403.765625 1.5250000000000001 
0.4134093490135645 -402.734375 1.3125 
0.4010070685431576 -402.19375 1.1625 
0.38897685648686287 -401.65 1.0000000000000002 
0.377307550792257 -403.653125 0.9750000000000001 
0.36598832426848926 -402.165625 0.9375000000000001 
0.35500867454043455 -402.75 1.5 
0.3443584143042215 -403.24375 1.3375000000000001 
0.3340276618750948 -402.165625 1.0500000000000003 
0.32400683201884195 -402.25 1.275 
0.3142866270582767 -402.70625 1.2000000000000002 
0.3048580282465284 -401.65 1.0000000000000002 
0.2957122873991326 -403.225 1.4875000000000003 
0.2868409187771586 -402.25 1.5 
0.27823569121384384 -402.70625 1.2000000000000002 
0.2698886204774285 -403.175 1.1 
0.26179196186310566 -402.165625 1.05 
0.2539382030072125 -403.20625 1.2000000000000002 
0.2463200569169961 -402.165625 1.05 
0.23893045520948622 -402.675 0.9875 
0.23176254155320164 -402.221875 1.2750000000000004 
0.2248096653066056 -402.25 1.5 
0.21806537534740741 -402.165625 1.05 
0.2115234140869852 -402.69375 1.0500000000000003 
0.20517771166437562 -401.65 1.0000000000000002 
0.19902238031444436 -402.25 1.5 
0.19305170890501103 -402.25 1.5 
0.1872601576378607 -402.25 1.5 
0.18164235290872485 -402.75 1.5 
0.1761930823214631 -401.65 1.0000000000000002 
0.17090728985181922 -402.25 1.5 
0.16578007115626464 -402.70625 1.2000000000000002 
0.1608066690215767 -402.675 1.1 
0.1559824689509294 -402.25 1.5 
0.1513029948824015 -402.221875 1.1625 
0.14676390503592945 -402.25 1.5 
0.14236098788485158 -402.25 1.5 
0.13809015824830603 -401.65 1.0000000000000002 
0.13394745350085685 -402.25 1.5 
0.12992902989583113 -402.7625 1.4250000000000003 
0.1260311589989562 -402.25 1.5 
0.12225022422898751 -402.19375 1.1625 
0.11858271750211788 -402.25 1.5 
0.11502523597705434 -402.25 1.5 
0.1115744788977427 -404.7 1.2000000000000002 
0.10822724453081042 -402.25 1.5 
0.10498042719488611 -402.25 1.5 
0.10183101437903952 -403.225 1.6000000000000005 
0.09877608394766833 -401.65 1.0000000000000002 
0.09581280142923829 -412.66875 18.35 
0.09293841738636113 -408.59375 12.1125 
0.09015026486477029 -409.775 11.137500000000001 
0.08744575691882718 -410.215625 11.362499999999999 
0.08482238421126237 -408.859375 13.0375 
0.0822777126849245 -409.309375 11.125 
0.07980938130437676 -410.1625 11.7 
0.07741509986524546 -409.325 13.162500000000001 
0.0750926468692881 -406.015625 14.8125 
0.07283986746320946 -406.915625 13.087499999999999 
0.07065467143931317 -409.971875 10.4625 
0.06853503129613378 -407.7125 13.65 
0.06647898035724976 -409.309375 11.125 
0.06448461094653227 -413.89375 10.5625 
0.06255007261813629 -487.6875 14.862499999999997 
0.0606735704395922 -408.03125 14.5875 
