0.97 -276.9788753124941 1.0000000000000002 
0.9409 -657.7491444483576 42.824999999999996 
0.912673 -23.415222688042064 117.83749999999996 
0.8852928099999999 -182.8944201322898 2.4875000000000003 
0.8587340256999999 -194.96430671055273 1.2000000000000002 
0.8329720049289999 -313.96413883825807 0.9125000000000001 
0.8079828447811299 -363.7505184316901 7.0875 
0.783743359437696 -592.7090378115058 6.0875 
0.7602310586545651 -339.8657814331283 3.7625000000000006 
0.7374241268949281 -298.8766008382105 2.1250000000000004 
0.7153014030880802 -390.94709683684596 1.125 
0.6938423609954378 -211.0907133685431 31.625 
0.6730270901655747 -225.91120078904717 2.35 
0.6528362774606075 -267.93230812443016 0.8625000000000002 
0.6332511891367892 -270.9473253148168 0.9750000000000001 
0.6142536534626856 -345.91669052262387 1.7 
0.595826043858805 -964.37343739273 57.42500000000002 
0.5779512625430409 -445.7780428724416 5.625 
0.5606127246667496 -942.6269177646352 9.0625 
0.5437943429267471 -353.9616060003648 1.225 
0.5274805126389447 -195.97221204620132 1.1625 
0.5116560972597763 -196.97887531249413 1.0 
0.496306414341983 -441.57033735975733 15.674999999999999 
0.48141722191172354 -170.65235003258772 14.775 
0.4669747052543718 -177.55072745966942 16.6875 
0.4529654640967406 -217.56413913233433 16.012500000000003 
0.4393765001738384 -217.47710669320952 18.762500000000003 
0.42619520516862325 -212.57345271045514 17.875 
0.4134093490135645 -249.5365373792945 19.85 
0.4010070685431576 -220.40454050148264 18.650000000000002 
0.38897685648686287 -179.4107684987896 19.725 
0.377307550792257 -173.61124770204532 17.099999999999998 
0.36598832426848926 -181.55449034984332 16.525000000000002 
0.35500867454043455 -217.58568971753212 16.85 
0.3443584143042215 -181.55569560851316 15.962500000000002 
0.3340276618750948 -176.440559630641 20.1 
0.32400683201884195 -221.59251220660855 15.400000000000002 
0.3142866270582767 -181.63506112547967 14.724999999999998 
0.3048580282465284 -179.6095714835404 16.125 
0.2957122873991326 -182.5630738631925 15.525 
0.2868409187771586 -180.42058254877952 19.3125 
0.27823569121384384 -183.5642651788216 15.3 
0.2698886204774285 -258.6488731577059 13.4375 
0.26179196186310566 -216.54290320250544 17.0375 
0.2539382030072125 -180.5721034326872 15.0375 
0.2463200569169961 -180.56841011030826 15.825 
0.23893045520948622 -218.65929836129692 13.187500000000002 
0.23176254155320164 -174.34585937780435 21.3 
0.2248096653066056 -178.5197991017841 17.875000000000004 
0.21806537534740741 -182.52837422776884 16.425 
0.2115234140869852 -182.62755761785422 14.5125 
0.20517771166437562 -181.37910306947722 18.999999999999996 
0.19902238031444436 -181.6299446464487 14.5 
0.19305170890501103 -183.5642651788216 15.075000000000001 
0.1872601576378607 -180.63491858435233 13.8 
0.18164235290872485 -174.5673099157164 18.337500000000002 
0.1761930823214631 -182.66886945359784 13.837500000000002 
0.17090728985181922 -178.60928178971423 15.4 
0.16578007115626464 -221.50000534956263 16.75 
0.1608066690215767 -176.59684197038405 17.174999999999997 
0.1559824689509294 -181.69089186071054 12.25 
0.1513029948824015 -183.5867277560876 14.850000000000001 
0.14676390503592945 -79.93295598552994 142.5 
0.14236098788485158 -83.72051013583857 129.925 
0.13809015824830603 -166.88868065256395 40.425 
0.13394745350085685 -183.60574353050663 14.625000000000002 
0.12992902989583113 -183.5642651788216 15.3 
0.1260311589989562 -181.37910306947722 19.0 
0.12225022422898751 -182.5630738631925 15.525 
0.11858271750211788 -183.5642651788216 15.3 
0.11502523597705434 -176.6069116954207 15.7125 
0.1115744788977427 -183.67845905276548 12.825000000000001 
0.10822724453081042 -179.5493757007853 17.474999999999998 
0.10498042719488611 -182.55878713044353 15.75 
0.10183101437903952 -183.62642593435285 14.175 
0.09877608394766833 -183.5642651788216 15.299999999999999 
0.09581280142923829 -183.5642651788216 15.075 
0.09293841738636113 -183.5642651788216 15.3 
0.09015026486477029 -181.56863045209397 16.300000000000004 
0.08744575691882718 -217.52357523227752 17.8625 
0.08482238421126237 -181.6736409011545 13.375 
0.0822777126849245 -183.5642651788216 15.299999999999999 
0.07980938130437676 -181.55569560851316 16.075000000000003 
0.07741509986524546 -183.5642651788216 15.299999999999999 
0.0750926468692881 -180.47855724981326 17.625 
0.07283986746320946 -183.5642651788216 15.299999999999999 
0.07065467143931317 -182.54445894577165 16.200000000000003 
0.06853503129613378 -183.5642651788216 15.299999999999999 
0.06647898035724976 -183.5642651788216 15.299999999999999 
0.06448461094653227 -181.56353650675229 15.625 
0.06255007261813629 -183.5642651788216 15.299999999999999 
0.0606735704395922 -222.6661325373918 13.375000000000002 
0.05885336332640443 -183.58694199506354 14.9625 
0.057087762426612294 -183.5642651788216 15.299999999999999 
0.05537512955381393 -182.47937750225768 17.1 
0.053713875667199505 -183.5642651788216 15.299999999999999 
0.05210245939718352 -182.54739000218785 16.200000000000003 
0.05053938561526801 -162.44419353057373 52.612500000000004 
0.049023204046809966 -182.5630738631925 15.525 
0.04755250792540567 -132.31118711888507 92.025 
0.0461259326876435 -182.55878713044353 15.750000000000002 
0.04474215470701419 -176.43489140770535 21.1125 
0.04339989006580376 -175.38382900092998 22.712500000000006 
0.042097893363829644 -182.55878713044353 15.750000000000002 
0.040834956562914755 -183.5642651788216 15.299999999999999 
0.03960990786602731 37.61207856691166 235.5625 
0.03842161063004649 -108.71597476021512 113.66250000000001 
0.03726896231114509 -263.86034050090996 5.7375 
0.03615089344181074 -219.79137775886636 8.950000000000001 
0.03506636663855641 -220.79754914775788 8.75 
0.03401437563939972 -219.7973069485571 8.725000000000001 
0.03299394437021773 -220.79754914775788 8.75 
0.032004126039111194 -220.79754914775788 8.525 
0.031044002257937856 -182.64286642556775 13.725000000000001 
0.03011268219019972 -196.97887531249413 1.0 
0.029209301724493725 -196.97887531249413 1.0 
0.028333022672758914 -196.97887531249413 1.0 
0.027483031992576144 -196.97887531249413 0.7750000000000001 
0.026658541032798858 -196.97887531249413 1.0 
0.02585878480181489 -196.97887531249413 1.0 
0.025083021257760445 -196.97887531249413 1.0 
0.024330530620027633 -196.97887531249413 1.0 
0.023600614701426804 -196.97887531249413 1.0 
0.022892596260384 -196.97887531249413 1.0 
0.02220581837257248 -196.97887531249413 1.0 
0.021539643821395303 -196.97887531249413 1.0 
0.020893454506753444 -196.97887531249413 1.0 
0.02026665087155084 -196.97887531249413 1.0 
0.019658651345404312 -196.97887531249413 1.0 
0.019068891805042183 -196.97887531249413 1.0 
0.018496825050890918 -196.97887531249413 1.0 
0.01794192029936419 -196.97887531249413 1.0 
0.017403662690383265 -196.97887531249413 1.0 
0.016881552809671765 -196.97887531249413 1.0 
0.016375106225381613 -196.97887531249413 1.0 
0.015883853038620166 -196.97887531249413 1.0 
0.015407337447461561 -138.9454601713322 79.375 
0.014945117324037714 -102.9440556426311 113.4375 
0.014496763804316583 -134.38236087260563 91.225 
0.014061860890187084 -124.07074542363407 96.75 
0.013640005063481472 -166.24900709375552 93.7 
0.013230804911577028 -156.13550632459376 35.4375 
0.012833880764229717 -6728.805332802122 3.7 
0.012448864341302825 -69.93827587467302 140.8375 
0.01207539841106374 342.24386589977644 499.0375 
0.011713136458731828 -41.51534258547733 171.33749999999998 
0.011361742364969873 -169.90501085103105 33.1125 
0.011020890094020776 -74.20447806014015 140.475 
0.010690263391200152 -102.9440556426311 113.4375 
0.010369555489464147 -107.32852293312857 109.5375 
0.010058468824780223 -102.9440556426311 113.4375 
0.009756714760036816 -118.83186606098482 102.7 
0.009464013317235712 -106.12194054235883 113.50000000000001 
0.00918009291771864 -162.93473185036044 51.75000000000001 
0.00890469013018708 -1523.4686987627706 46.4625 
0.008637549426281466 -155.36307472842736 65.2125 
0.008378422943493022 -102.9440556426311 113.4375 
0.00812707025518823 -102.9440556426311 113.4375 
0.007883258147532582 -102.9440556426311 113.4375 
0.007646760403106604 -124.58568767442479 94.275 
0.007417357591013406 -102.9440556426311 113.4375 
0.007194836863283004 -102.9440556426311 113.4375 
0.006978991757384513 -102.9440556426311 113.4375 
0.006769622004662978 -119.72983087713727 97.3 
0.006566533344523088 -102.9440556426311 113.4375 
0.006369537344187395 -102.9440556426311 113.32499999999999 
0.0061784512238617735 -116.41323652063413 88.12500000000001 
0.00599309768714592 -195.96913994672423 1.5 
0.005813304756531542 -101.8557910411954 128.01249999999993 
0.005638905613835596 -92.75583695758719 100.29999999999994 
0.005469738445420528 -195.96913994672423 1.5 
0.0053056462920579115 -195.96913994672423 1.5 
0.005146476903296174 -111.60823663698194 64.9625 
0.004992082596197289 -195.96913994672423 1.5 
0.00484232011831137 -195.96913994672423 1.5 
0.0046970505147620285 -195.96913994672423 1.5 
0.004556138999319168 -195.96913994672423 1.5 
0.004419454829339592 -195.96913994672423 1.5 
0.004286871184459405 -108.44733058858176 146.6125 
0.004158265048925623 -84.79222624733336 129.25 
0.004033517097457854 -102.9440556426311 113.4375 
0.003912511584534118 -141.9381493416909 113.53750000000001 
0.003795136236998094 -102.9440556426311 113.4375 
0.003681282149888151 -102.9440556426311 113.4375 
0.0035708436853915063 -102.9440556426311 113.4375 
0.003463718374829761 -102.9440556426311 113.4375 
0.003359806823584868 -102.9440556426311 113.4375 
0.003259012618877322 -110.73246037197532 114.17500000000003 
0.0031612422403110023 -84.79222624733336 129.25 
0.003066404973101672 -102.9440556426311 113.4375 
0.002974412823908622 -102.9440556426311 113.4375 
0.002885180439191363 -84.79222624733336 129.25 
0.0027986250260156223 -48.791568243361894 177.7125000000001 
0.0027146662752351534 -122.63369946093297 109.875 
0.0026332262869780986 -120.83369495423987 110.57500000000005 
0.0025542294983687554 -102.9440556426311 113.4375 
0.0024776026134176927 -102.9440556426311 113.32499999999999 
0.002403274535015162 -103.5224331787569 113.1 
0.002331176298964707 -102.9440556426311 113.4375 
0.0022612410099957657 -102.9440556426311 113.4375 
0.0021934037796958925 -102.9440556426311 113.32499999999999 
0.0021276016663050157 -99.23230645253076 117.2125 
0.002063773616315865 -122.63369946093297 109.875 
0.0020018604078263893 -102.9440556426311 113.4375 
0.0019418045955915976 -102.9440556426311 113.4375 
0.0018835504577238496 -102.9440556426311 113.4375 
0.001827043943992134 -98.96229259118076 120.41250000000001 
0.00177223262567237 -155.9151588348246 35.474999999999994 
0.0017190656469021988 -196.97887531249413 1.0 
0.0016674936774951328 -196.97887531249413 1.0 
0.0016174688671702789 -196.97887531249413 1.0 
0.0015689448011551705 -196.97887531249413 1.0 
0.0015218764571205154 -196.97887531249413 1.0 
0.0014762201634068999 -196.97887531249413 1.0 
0.0014319335585046928 -196.97887531249413 1.0 
0.001388975551749552 -196.97887531249413 1.0 
0.0013473062851970656 -196.97887531249413 1.0 
0.0013068870966411535 -196.97887531249413 1.0 
0.001267680483741919 -196.97887531249413 1.0 
0.0012296500692296614 -196.97887531249413 1.0 
0.0011927605671527715 -196.97887531249413 1.0 
0.0011569777501381883 -196.97887531249413 1.0 
0.0011222684176340426 -196.97887531249413 1.0 
0.0010886003651050214 -196.97887531249413 1.0 
0.0010559423541518708 -196.97887531249413 1.0 
0.0010242640835273146 -41.742507888336746 171.17499999999998 
0.001 -102.9440556426311 113.4375 
0.001 -102.9440556426311 113.4375 
0.001 -102.9440556426311 113.4375 
0.001 -102.9440556426311 113.4375 
0.001 -102.9440556426311 113.4375 
0.001 -70.9827679757997 141.0625 
0.001 42.29051372407142 239.5125 
0.001 -70.9827679757997 141.0625 
0.001 -98.62933353171618 117.325 
0.001 42.29051372407142 239.5125 
0.001 -43.990791309251705 164.6875 
0.001 -102.9440556426311 113.4375 
0.001 -84.79222624733336 129.25 
0.001 -102.9440556426311 113.4375 
0.001 -102.9440556426311 113.4375 
0.001 -102.9440556426311 113.4375 
0.001 -102.9440556426311 113.4375 
0.001 -102.9440556426311 113.4375 
0.001 -98.62933353171618 117.325 
0.001 -102.9440556426311 113.4375 
0.001 -98.62933353171618 117.325 
0.001 -84.79222624733336 129.25 
0.001 -102.9440556426311 113.4375 
0.001 -102.9440556426311 113.4375 
0.001 240.3220664368884 412.52500000000003 
0.001 259.22904560126545 428.3625 
0.001 -70.9827679757997 141.0625 
0.001 -102.9440556426311 113.4375 
0.001 -98.62933353171618 117.325 
0.001 -70.9827679757997 141.0625 
0.001 260.80903069094796 439.83750000000003 
0.001 246.48709473722744 425.77500000000003 
0.001 40.99332690364034 239.2875 
0.001 29.09440087020596 242.475 
0.001 251.03838436843893 423.77500000000003 
0.001 256.716024111234 431.2 
0.001 -84.79222624733336 129.25 
0.001 -102.9440556426311 113.4375 
0.001 -102.9440556426311 113.4375 
0.001 -102.9440556426311 113.32499999999999 
0.001 -115.8115484078069 111.25000000000003 
0.001 -118.30985249934757 110.12500000000006 
0.001 -905.2128435650454 59.85 
0.001 -97.46099539419936 136.53750000000002 
0.001 -90.61219119268588 131.06249999999997 
0.001 261.76154066928916 431.925 
0.001 -70.9827679757997 141.0625 
0.001 264.26885880010343 432.375 
0.001 -110.09734470156275 111.07499999999996 
0.001 -98.62933353171618 117.325 
0.001 -98.62933353171618 117.325 
0.001 -70.9827679757997 141.0625 
0.001 42.29051372407142 239.5125 
0.001 259.88439150960596 428.475 
0.001 -98.62933353171618 117.325 
0.001 -102.9440556426311 113.4375 
0.001 -102.9440556426311 113.4375 
0.001 -102.9440556426311 113.4375 
0.001 -98.62933353171618 117.325 
0.001 -102.9440556426311 113.4375 
0.001 -104.48781744539704 115.525 
0.001 -98.62933353171618 117.325 
0.001 -102.9440556426311 113.4375 
0.001 -98.62933353171618 117.325 
0.001 -98.62933353171618 117.325 
0.001 -41.98113920675138 167.275 
0.001 -84.79222624733336 129.25 
0.001 -84.79222624733336 129.25 
0.001 -84.79222624733336 129.25 
0.001 -84.79222624733336 129.25 
0.001 -84.79222624733336 129.25 
0.001 -84.79222624733336 129.25 
0.001 262.9716719796723 432.15000000000003 
0.001 259.88439150960596 428.475 
